
## Use PWMs from 
##Define vectors for information content of each PWM by nucleotide (calculated using PWMEnrich motifIC function)

D_IC <- c(0.5283238, 1.4832539, 0.4634836, 1.8363522, 1.7551130, 1.9966104, 1.9966104, 0.3136310)
SoxN_IC <- c(0.06126436, 0.34048129, 0.27468987, 0.84478374, 0.76508800, 1.77933291, 1.78601180, 1.21457060, 0.35209726, 1.78462505)

##Get sequences of all sites present in all 4 species
