>SAGGCAGACAGA	5-TCTGTCTGCCTS	9.328817	-16.751202	0	T:12.0(5.83%),B:356.9(0.73%),P:1e-7
0.144	0.446	0.409	0.001
0.650	0.001	0.075	0.274
0.001	0.001	0.855	0.143
0.071	0.001	0.927	0.001
0.063	0.864	0.001	0.072
0.640	0.144	0.144	0.072
0.145	0.144	0.649	0.062
0.788	0.001	0.135	0.076
0.072	0.707	0.217	0.004
0.851	0.072	0.076	0.001
0.001	0.072	0.869	0.058
0.923	0.075	0.001	0.001
