>CTTTCTCTYTCT	7-AGARAGAGAAAG	8.244871	-10.511316	0	T:25.0(12.14%),B:2377.2(4.86%),P:1e-4
0.075	0.779	0.032	0.114
0.039	0.052	0.021	0.888
0.064	0.348	0.045	0.543
0.023	0.113	0.019	0.845
0.043	0.839	0.001	0.117
0.068	0.222	0.001	0.709
0.107	0.725	0.047	0.121
0.046	0.110	0.019	0.825
0.080	0.476	0.026	0.418
0.091	0.052	0.062	0.795
0.081	0.725	0.087	0.107
0.001	0.088	0.154	0.757
