>AGARAGAGAAAG	7-AGARAGAGAAAG,BestGuess:Trl/dmmpmm(Down)/fly(0.799)	8.244871	-10.511316	0	T:25.0(12.14%),B:2377.2(4.86%),P:1e-4
0.757	0.154	0.088	0.001
0.107	0.087	0.725	0.081
0.795	0.062	0.052	0.091
0.418	0.026	0.476	0.080
0.825	0.019	0.110	0.046
0.121	0.047	0.725	0.107
0.709	0.001	0.222	0.068
0.117	0.001	0.839	0.043
0.845	0.019	0.113	0.023
0.543	0.045	0.348	0.064
0.888	0.021	0.052	0.039
0.114	0.032	0.779	0.075
