>AGGGCAAC	1-AGGGCAAC	5.516729	-17.670541	0	T:66.0(32.04%),B:7985.6(16.33%),P:1e-7	Tpos:108.5,Tstd:56.3,Bpos:100.0,Bstd:60.8,StrandBias:0.4,Multiplicity:1.14
0.761	0.110	0.117	0.012
0.127	0.036	0.728	0.109
0.045	0.039	0.862	0.054
0.054	0.067	0.797	0.082
0.172	0.650	0.076	0.102
0.749	0.065	0.113	0.073
0.720	0.095	0.125	0.060
0.088	0.744	0.050	0.118
>AATCGGTA	2-AATCGGTA	7.400289	-14.609055	0	T:27.0(13.11%),B:2143.2(4.38%),P:1e-6	Tpos:107.4,Tstd:58.4,Bpos:100.9,Bstd:56.6,StrandBias:0.5,Multiplicity:1.26
0.872	0.001	0.001	0.126
0.963	0.001	0.035	0.001
0.057	0.001	0.029	0.913
0.034	0.866	0.083	0.017
0.229	0.058	0.712	0.001
0.031	0.064	0.904	0.001
0.068	0.001	0.017	0.914
0.903	0.001	0.095	0.001
>CGATGTCG	3-CGATGTCG	6.563913	-12.828938	0	T:25.0(12.14%),B:2072.7(4.24%),P:1e-5	Tpos:114.5,Tstd:57.8,Bpos:99.9,Bstd:56.9,StrandBias:-0.6,Multiplicity:1.12
0.034	0.622	0.030	0.314
0.001	0.001	0.997	0.001
0.840	0.033	0.055	0.072
0.031	0.001	0.001	0.967
0.001	0.179	0.809	0.011
0.019	0.031	0.001	0.949
0.001	0.925	0.054	0.020
0.028	0.028	0.915	0.029
>AGRGAGAG	4-AGRGAGAG	5.574904	-8.923704	0	T:54.0(26.21%),B:7844.0(16.04%),P:1e-3	Tpos:112.1,Tstd:52.4,Bpos:99.3,Bstd:64.8,StrandBias:1.1,Multiplicity:1.37
0.882	0.058	0.059	0.001
0.131	0.034	0.819	0.016
0.497	0.001	0.501	0.001
0.001	0.001	0.859	0.139
0.715	0.005	0.273	0.007
0.092	0.025	0.801	0.082
0.671	0.032	0.139	0.158
0.081	0.157	0.712	0.050
>ACGCATGT	5-ACGCATGT	4.481500	-6.095029	0	T:83.0(40.29%),B:15023.3(30.73%),P:1e-2	Tpos:94.0,Tstd:53.7,Bpos:99.2,Bstd:61.0,StrandBias:0.3,Multiplicity:1.65
0.815	0.001	0.183	0.001
0.012	0.836	0.004	0.148
0.001	0.001	0.991	0.007
0.001	0.654	0.008	0.337
0.553	0.001	0.247	0.199
0.180	0.001	0.016	0.803
0.041	0.001	0.942	0.016
0.001	0.006	0.001	0.992
