>GTTTATATTAAG	1-GTTTATATTAAG	14.083041	-24.125428	0	T:6.0(2.91%),B:13.3(0.03%),P:1e-10	Tpos:79.3,Tstd:55.0,Bpos:96.2,Bstd:59.0,StrandBias:2.3,Multiplicity:1.00
0.001	0.001	0.997	0.001
0.001	0.001	0.001	0.997
0.166	0.001	0.001	0.832
0.001	0.001	0.166	0.832
0.997	0.001	0.001	0.001
0.166	0.001	0.001	0.832
0.832	0.166	0.001	0.001
0.001	0.001	0.001	0.997
0.001	0.001	0.001	0.997
0.832	0.001	0.166	0.001
0.997	0.001	0.001	0.001
0.001	0.001	0.997	0.001
>TAAGTAAAAGGA	2-TAAGTAAAAGGA	14.173605	-22.529858	0	T:6.0(2.91%),B:17.7(0.04%),P:1e-9	Tpos:96.5,Tstd:55.3,Bpos:103.8,Bstd:53.1,StrandBias:0.0,Multiplicity:1.00
0.183	0.001	0.001	0.815
0.769	0.001	0.229	0.001
0.997	0.001	0.001	0.001
0.001	0.171	0.827	0.001
0.001	0.183	0.001	0.815
0.997	0.001	0.001	0.001
0.997	0.001	0.001	0.001
0.997	0.001	0.001	0.001
0.997	0.001	0.001	0.001
0.001	0.001	0.997	0.001
0.001	0.001	0.997	0.001
0.997	0.001	0.001	0.001
>TTTCTGATTTCT	3-TTTCTGATTTCT	14.348817	-22.151631	0	T:7.0(3.40%),B:35.1(0.07%),P:1e-9	Tpos:71.1,Tstd:64.1,Bpos:102.3,Bstd:61.2,StrandBias:0.4,Multiplicity:1.00
0.001	0.001	0.001	0.997
0.001	0.001	0.001	0.997
0.001	0.001	0.001	0.997
0.001	0.997	0.001	0.001
0.194	0.177	0.001	0.628
0.001	0.001	0.997	0.001
0.759	0.001	0.001	0.239
0.001	0.001	0.001	0.997
0.001	0.001	0.001	0.997
0.001	0.001	0.001	0.997
0.001	0.997	0.001	0.001
0.001	0.001	0.221	0.777
>TTTTTCAATTTT	4-TTTTTCAATTTT	11.643010	-16.879635	0	T:16.0(7.77%),B:682.4(1.40%),P:1e-7	Tpos:111.2,Tstd:53.1,Bpos:94.9,Bstd:58.6,StrandBias:0.5,Multiplicity:1.06
0.081	0.001	0.001	0.917
0.001	0.001	0.129	0.869
0.001	0.001	0.001	0.997
0.001	0.001	0.001	0.997
0.001	0.098	0.001	0.900
0.051	0.819	0.091	0.039
0.922	0.076	0.001	0.001
0.854	0.001	0.001	0.144
0.001	0.001	0.001	0.997
0.099	0.001	0.001	0.899
0.001	0.116	0.001	0.882
0.001	0.001	0.001	0.997
>TCTGTCTGCCTS	5-TCTGTCTGCCTS	9.328817	-16.751202	0	T:12.0(5.83%),B:356.9(0.73%),P:1e-7	Tpos:82.8,Tstd:53.9,Bpos:97.0,Bstd:60.6,StrandBias:0.7,Multiplicity:1.00
0.001	0.001	0.075	0.923
0.058	0.869	0.072	0.001
0.001	0.076	0.072	0.851
0.004	0.217	0.707	0.072
0.076	0.135	0.001	0.788
0.062	0.649	0.144	0.145
0.072	0.144	0.144	0.640
0.072	0.001	0.864	0.063
0.001	0.927	0.001	0.071
0.143	0.855	0.001	0.001
0.274	0.075	0.001	0.650
0.001	0.409	0.446	0.144
>GTACATGCATAT	6-GTACATGCATAT	9.904333	-12.702099	0	T:21.0(10.19%),B:1547.3(3.16%),P:1e-5	Tpos:87.2,Tstd:48.9,Bpos:99.4,Bstd:66.9,StrandBias:0.3,Multiplicity:1.43
0.223	0.041	0.690	0.046
0.152	0.066	0.065	0.717
0.997	0.001	0.001	0.001
0.034	0.862	0.001	0.103
0.934	0.001	0.001	0.064
0.001	0.001	0.001	0.997
0.242	0.001	0.692	0.065
0.057	0.880	0.001	0.062
0.783	0.001	0.102	0.114
0.065	0.065	0.057	0.813
0.894	0.001	0.065	0.040
0.130	0.122	0.001	0.747
>AGARAGAGAAAG	7-AGARAGAGAAAG	8.244871	-10.511316	0	T:25.0(12.14%),B:2377.2(4.86%),P:1e-4	Tpos:122.0,Tstd:48.4,Bpos:98.1,Bstd:63.2,StrandBias:1.7,Multiplicity:1.44
0.757	0.154	0.088	0.001
0.107	0.087	0.725	0.081
0.795	0.062	0.052	0.091
0.418	0.026	0.476	0.080
0.825	0.019	0.110	0.046
0.121	0.047	0.725	0.107
0.709	0.001	0.222	0.068
0.117	0.001	0.839	0.043
0.845	0.019	0.113	0.023
0.543	0.045	0.348	0.064
0.888	0.021	0.052	0.039
0.114	0.032	0.779	0.075
