>TCCTTTGACG	1-TCCTTTGACG	9.743258	-25.416264	0	T:13.0(6.31%),B:208.6(0.43%),P:1e-11	Tpos:119.8,Tstd:50.2,Bpos:99.9,Bstd:59.4,StrandBias:0.2,Multiplicity:1.00
0.001	0.001	0.166	0.832
0.001	0.997	0.001	0.001
0.001	0.997	0.001	0.001
0.020	0.151	0.001	0.828
0.001	0.001	0.188	0.810
0.001	0.110	0.001	0.888
0.001	0.001	0.689	0.309
0.795	0.001	0.203	0.001
0.130	0.850	0.019	0.001
0.001	0.001	0.840	0.158
>AGAAGTAGGG	2-AGAAGTAGGG	10.615652	-25.350747	0	T:10.0(4.85%),B:90.7(0.19%),P:1e-11	Tpos:136.9,Tstd:48.3,Bpos:104.7,Bstd:61.2,StrandBias:0.6,Multiplicity:1.00
0.997	0.001	0.001	0.001
0.092	0.001	0.906	0.001
0.997	0.001	0.001	0.001
0.853	0.001	0.001	0.145
0.116	0.001	0.882	0.001
0.001	0.001	0.001	0.997
0.909	0.001	0.001	0.089
0.001	0.001	0.873	0.125
0.001	0.146	0.743	0.110
0.001	0.001	0.997	0.001
>ATGGGTAGGT	3-ATGGGTAGGT	10.667171	-24.221519	0	T:9.0(4.37%),B:70.2(0.14%),P:1e-10	Tpos:114.3,Tstd:58.5,Bpos:89.5,Bstd:58.9,StrandBias:0.6,Multiplicity:1.11
0.869	0.001	0.001	0.129
0.001	0.001	0.141	0.857
0.107	0.201	0.691	0.001
0.001	0.001	0.997	0.001
0.001	0.001	0.882	0.116
0.001	0.001	0.001	0.997
0.997	0.001	0.001	0.001
0.076	0.001	0.922	0.001
0.099	0.001	0.899	0.001
0.001	0.001	0.001	0.997
>TTAAKAACAT	4-TTAAKAACAT	8.342907	-20.767601	0	T:20.0(9.71%),B:855.1(1.75%),P:1e-9	Tpos:91.0,Tstd:56.6,Bpos:99.8,Bstd:58.0,StrandBias:-1.1,Multiplicity:1.10
0.182	0.050	0.260	0.508
0.265	0.045	0.048	0.642
0.674	0.029	0.041	0.256
0.881	0.039	0.040	0.040
0.030	0.182	0.444	0.344
0.876	0.058	0.019	0.047
0.842	0.033	0.073	0.052
0.306	0.478	0.010	0.206
0.592	0.051	0.087	0.270
0.239	0.075	0.063	0.623
>GCARCCCCTG	5-GCARCCCCTG	7.954413	-18.171865	0	T:19.0(9.22%),B:899.9(1.84%),P:1e-7	Tpos:101.4,Tstd:55.3,Bpos:100.7,Bstd:59.9,StrandBias:1.0,Multiplicity:1.00
0.001	0.222	0.776	0.001
0.001	0.710	0.001	0.288
0.726	0.146	0.127	0.001
0.547	0.001	0.451	0.001
0.001	0.916	0.001	0.082
0.001	0.997	0.001	0.001
0.105	0.567	0.327	0.001
0.001	0.997	0.001	0.001
0.001	0.001	0.001	0.997
0.001	0.001	0.903	0.095
>TACATGCATA	6-TACATGCATA	9.879998	-11.536832	0	T:17.0(8.25%),B:1153.6(2.36%),P:1e-5	Tpos:76.7,Tstd:44.5,Bpos:100.1,Bstd:64.6,StrandBias:0.5,Multiplicity:1.41
0.069	0.049	0.001	0.881
0.997	0.001	0.001	0.001
0.044	0.885	0.001	0.070
0.919	0.001	0.001	0.079
0.001	0.001	0.001	0.997
0.278	0.001	0.720	0.001
0.001	0.951	0.001	0.047
0.900	0.001	0.098	0.001
0.001	0.071	0.001	0.927
0.921	0.001	0.001	0.077
>CTCCCTCTCT	7-CTCCCTCTCT	5.995261	-10.161543	0	T:42.0(20.39%),B:5269.4(10.78%),P:1e-4	Tpos:116.2,Tstd:48.7,Bpos:98.1,Bstd:63.6,StrandBias:-1.1,Multiplicity:1.33
0.040	0.780	0.064	0.116
0.073	0.048	0.073	0.806
0.001	0.812	0.088	0.099
0.018	0.771	0.059	0.152
0.080	0.798	0.060	0.062
0.082	0.125	0.066	0.727
0.020	0.840	0.001	0.139
0.017	0.071	0.093	0.819
0.055	0.817	0.041	0.087
0.067	0.096	0.001	0.836
