>TCCTTTGACG	1-TCCTTTGACG	9.743258	-25.416264	0	T:13.0(6.31%),B:208.6(0.43%),P:1e-11	Tpos:119.8,Tstd:50.2,Bpos:99.9,Bstd:59.4,StrandBias:0.2,Multiplicity:1.00
0.001	0.001	0.166	0.832
0.001	0.997	0.001	0.001
0.001	0.997	0.001	0.001
0.020	0.151	0.001	0.828
0.001	0.001	0.188	0.810
0.001	0.110	0.001	0.888
0.001	0.001	0.689	0.309
0.795	0.001	0.203	0.001
0.130	0.850	0.019	0.001
0.001	0.001	0.840	0.158
>AGAAGTAGGG	2-AGAAGTAGGG	10.615652	-25.350747	0	T:10.0(4.85%),B:90.7(0.19%),P:1e-11	Tpos:136.9,Tstd:48.3,Bpos:104.7,Bstd:61.2,StrandBias:0.6,Multiplicity:1.00
0.997	0.001	0.001	0.001
0.092	0.001	0.906	0.001
0.997	0.001	0.001	0.001
0.853	0.001	0.001	0.145
0.116	0.001	0.882	0.001
0.001	0.001	0.001	0.997
0.909	0.001	0.001	0.089
0.001	0.001	0.873	0.125
0.001	0.146	0.743	0.110
0.001	0.001	0.997	0.001
>ATGGGTAGGT	3-ATGGGTAGGT	10.667171	-24.221519	0	T:9.0(4.37%),B:70.2(0.14%),P:1e-10	Tpos:114.3,Tstd:58.5,Bpos:89.5,Bstd:58.9,StrandBias:0.6,Multiplicity:1.11
0.869	0.001	0.001	0.129
0.001	0.001	0.141	0.857
0.107	0.201	0.691	0.001
0.001	0.001	0.997	0.001
0.001	0.001	0.882	0.116
0.001	0.001	0.001	0.997
0.997	0.001	0.001	0.001
0.076	0.001	0.922	0.001
0.099	0.001	0.899	0.001
0.001	0.001	0.001	0.997
>TTAAKAACAT	4-TTAAKAACAT	8.342907	-20.767601	0	T:20.0(9.71%),B:855.1(1.75%),P:1e-9	Tpos:91.0,Tstd:56.6,Bpos:99.8,Bstd:58.0,StrandBias:-1.1,Multiplicity:1.10
0.182	0.050	0.260	0.508
0.265	0.045	0.048	0.642
0.674	0.029	0.041	0.256
0.881	0.039	0.040	0.040
0.030	0.182	0.444	0.344
0.876	0.058	0.019	0.047
0.842	0.033	0.073	0.052
0.306	0.478	0.010	0.206
0.592	0.051	0.087	0.270
0.239	0.075	0.063	0.623
>GCARCCCCTG	5-GCARCCCCTG	7.954413	-18.171865	0	T:19.0(9.22%),B:899.9(1.84%),P:1e-7	Tpos:101.4,Tstd:55.3,Bpos:100.7,Bstd:59.9,StrandBias:1.0,Multiplicity:1.00
0.001	0.222	0.776	0.001
0.001	0.710	0.001	0.288
0.726	0.146	0.127	0.001
0.547	0.001	0.451	0.001
0.001	0.916	0.001	0.082
0.001	0.997	0.001	0.001
0.105	0.567	0.327	0.001
0.001	0.997	0.001	0.001
0.001	0.001	0.001	0.997
0.001	0.001	0.903	0.095
>TACATGCATA	6-TACATGCATA	9.879998	-11.536832	0	T:17.0(8.25%),B:1153.6(2.36%),P:1e-5	Tpos:76.7,Tstd:44.5,Bpos:100.1,Bstd:64.6,StrandBias:0.5,Multiplicity:1.41
0.069	0.049	0.001	0.881
0.997	0.001	0.001	0.001
0.044	0.885	0.001	0.070
0.919	0.001	0.001	0.079
0.001	0.001	0.001	0.997
0.278	0.001	0.720	0.001
0.001	0.951	0.001	0.047
0.900	0.001	0.098	0.001
0.001	0.071	0.001	0.927
0.921	0.001	0.001	0.077
>CTCCCTCTCT	7-CTCCCTCTCT	5.995261	-10.161543	0	T:42.0(20.39%),B:5269.4(10.78%),P:1e-4	Tpos:116.2,Tstd:48.7,Bpos:98.1,Bstd:63.6,StrandBias:-1.1,Multiplicity:1.33
0.040	0.780	0.064	0.116
0.073	0.048	0.073	0.806
0.001	0.812	0.088	0.099
0.018	0.771	0.059	0.152
0.080	0.798	0.060	0.062
0.082	0.125	0.066	0.727
0.020	0.840	0.001	0.139
0.017	0.071	0.093	0.819
0.055	0.817	0.041	0.087
0.067	0.096	0.001	0.836
>GTTTATATTAAG	1-GTTTATATTAAG	14.083041	-24.125428	0	T:6.0(2.91%),B:13.3(0.03%),P:1e-10	Tpos:79.3,Tstd:55.0,Bpos:96.2,Bstd:59.0,StrandBias:2.3,Multiplicity:1.00
0.001	0.001	0.997	0.001
0.001	0.001	0.001	0.997
0.166	0.001	0.001	0.832
0.001	0.001	0.166	0.832
0.997	0.001	0.001	0.001
0.166	0.001	0.001	0.832
0.832	0.166	0.001	0.001
0.001	0.001	0.001	0.997
0.001	0.001	0.001	0.997
0.832	0.001	0.166	0.001
0.997	0.001	0.001	0.001
0.001	0.001	0.997	0.001
>TAAGTAAAAGGA	2-TAAGTAAAAGGA	14.173605	-22.529858	0	T:6.0(2.91%),B:17.7(0.04%),P:1e-9	Tpos:96.5,Tstd:55.3,Bpos:103.8,Bstd:53.1,StrandBias:0.0,Multiplicity:1.00
0.183	0.001	0.001	0.815
0.769	0.001	0.229	0.001
0.997	0.001	0.001	0.001
0.001	0.171	0.827	0.001
0.001	0.183	0.001	0.815
0.997	0.001	0.001	0.001
0.997	0.001	0.001	0.001
0.997	0.001	0.001	0.001
0.997	0.001	0.001	0.001
0.001	0.001	0.997	0.001
0.001	0.001	0.997	0.001
0.997	0.001	0.001	0.001
>TTTCTGATTTCT	3-TTTCTGATTTCT	14.348817	-22.151631	0	T:7.0(3.40%),B:35.1(0.07%),P:1e-9	Tpos:71.1,Tstd:64.1,Bpos:102.3,Bstd:61.2,StrandBias:0.4,Multiplicity:1.00
0.001	0.001	0.001	0.997
0.001	0.001	0.001	0.997
0.001	0.001	0.001	0.997
0.001	0.997	0.001	0.001
0.194	0.177	0.001	0.628
0.001	0.001	0.997	0.001
0.759	0.001	0.001	0.239
0.001	0.001	0.001	0.997
0.001	0.001	0.001	0.997
0.001	0.001	0.001	0.997
0.001	0.997	0.001	0.001
0.001	0.001	0.221	0.777
>TTTTTCAATTTT	4-TTTTTCAATTTT	11.643010	-16.879635	0	T:16.0(7.77%),B:682.4(1.40%),P:1e-7	Tpos:111.2,Tstd:53.1,Bpos:94.9,Bstd:58.6,StrandBias:0.5,Multiplicity:1.06
0.081	0.001	0.001	0.917
0.001	0.001	0.129	0.869
0.001	0.001	0.001	0.997
0.001	0.001	0.001	0.997
0.001	0.098	0.001	0.900
0.051	0.819	0.091	0.039
0.922	0.076	0.001	0.001
0.854	0.001	0.001	0.144
0.001	0.001	0.001	0.997
0.099	0.001	0.001	0.899
0.001	0.116	0.001	0.882
0.001	0.001	0.001	0.997
>TCTGTCTGCCTS	5-TCTGTCTGCCTS	9.328817	-16.751202	0	T:12.0(5.83%),B:356.9(0.73%),P:1e-7	Tpos:82.8,Tstd:53.9,Bpos:97.0,Bstd:60.6,StrandBias:0.7,Multiplicity:1.00
0.001	0.001	0.075	0.923
0.058	0.869	0.072	0.001
0.001	0.076	0.072	0.851
0.004	0.217	0.707	0.072
0.076	0.135	0.001	0.788
0.062	0.649	0.144	0.145
0.072	0.144	0.144	0.640
0.072	0.001	0.864	0.063
0.001	0.927	0.001	0.071
0.143	0.855	0.001	0.001
0.274	0.075	0.001	0.650
0.001	0.409	0.446	0.144
>GTACATGCATAT	6-GTACATGCATAT	9.904333	-12.702099	0	T:21.0(10.19%),B:1547.3(3.16%),P:1e-5	Tpos:87.2,Tstd:48.9,Bpos:99.4,Bstd:66.9,StrandBias:0.3,Multiplicity:1.43
0.223	0.041	0.690	0.046
0.152	0.066	0.065	0.717
0.997	0.001	0.001	0.001
0.034	0.862	0.001	0.103
0.934	0.001	0.001	0.064
0.001	0.001	0.001	0.997
0.242	0.001	0.692	0.065
0.057	0.880	0.001	0.062
0.783	0.001	0.102	0.114
0.065	0.065	0.057	0.813
0.894	0.001	0.065	0.040
0.130	0.122	0.001	0.747
>AGARAGAGAAAG	7-AGARAGAGAAAG	8.244871	-10.511316	0	T:25.0(12.14%),B:2377.2(4.86%),P:1e-4	Tpos:122.0,Tstd:48.4,Bpos:98.1,Bstd:63.2,StrandBias:1.7,Multiplicity:1.44
0.757	0.154	0.088	0.001
0.107	0.087	0.725	0.081
0.795	0.062	0.052	0.091
0.418	0.026	0.476	0.080
0.825	0.019	0.110	0.046
0.121	0.047	0.725	0.107
0.709	0.001	0.222	0.068
0.117	0.001	0.839	0.043
0.845	0.019	0.113	0.023
0.543	0.045	0.348	0.064
0.888	0.021	0.052	0.039
0.114	0.032	0.779	0.075
>AGGGCAAC	1-AGGGCAAC	5.516729	-17.670541	0	T:66.0(32.04%),B:7985.6(16.33%),P:1e-7	Tpos:108.5,Tstd:56.3,Bpos:100.0,Bstd:60.8,StrandBias:0.4,Multiplicity:1.14
0.761	0.110	0.117	0.012
0.127	0.036	0.728	0.109
0.045	0.039	0.862	0.054
0.054	0.067	0.797	0.082
0.172	0.650	0.076	0.102
0.749	0.065	0.113	0.073
0.720	0.095	0.125	0.060
0.088	0.744	0.050	0.118
>AATCGGTA	2-AATCGGTA	7.400289	-14.609055	0	T:27.0(13.11%),B:2143.2(4.38%),P:1e-6	Tpos:107.4,Tstd:58.4,Bpos:100.9,Bstd:56.6,StrandBias:0.5,Multiplicity:1.26
0.872	0.001	0.001	0.126
0.963	0.001	0.035	0.001
0.057	0.001	0.029	0.913
0.034	0.866	0.083	0.017
0.229	0.058	0.712	0.001
0.031	0.064	0.904	0.001
0.068	0.001	0.017	0.914
0.903	0.001	0.095	0.001
>CGATGTCG	3-CGATGTCG	6.563913	-12.828938	0	T:25.0(12.14%),B:2072.7(4.24%),P:1e-5	Tpos:114.5,Tstd:57.8,Bpos:99.9,Bstd:56.9,StrandBias:-0.6,Multiplicity:1.12
0.034	0.622	0.030	0.314
0.001	0.001	0.997	0.001
0.840	0.033	0.055	0.072
0.031	0.001	0.001	0.967
0.001	0.179	0.809	0.011
0.019	0.031	0.001	0.949
0.001	0.925	0.054	0.020
0.028	0.028	0.915	0.029
>AGRGAGAG	4-AGRGAGAG	5.574904	-8.923704	0	T:54.0(26.21%),B:7844.0(16.04%),P:1e-3	Tpos:112.1,Tstd:52.4,Bpos:99.3,Bstd:64.8,StrandBias:1.1,Multiplicity:1.37
0.882	0.058	0.059	0.001
0.131	0.034	0.819	0.016
0.497	0.001	0.501	0.001
0.001	0.001	0.859	0.139
0.715	0.005	0.273	0.007
0.092	0.025	0.801	0.082
0.671	0.032	0.139	0.158
0.081	0.157	0.712	0.050
>ACGCATGT	5-ACGCATGT	4.481500	-6.095029	0	T:83.0(40.29%),B:15023.3(30.73%),P:1e-2	Tpos:94.0,Tstd:53.7,Bpos:99.2,Bstd:61.0,StrandBias:0.3,Multiplicity:1.65
0.815	0.001	0.183	0.001
0.012	0.836	0.004	0.148
0.001	0.001	0.991	0.007
0.001	0.654	0.008	0.337
0.553	0.001	0.247	0.199
0.180	0.001	0.016	0.803
0.041	0.001	0.942	0.016
0.001	0.006	0.001	0.992
